{
 "cells": [
  {
   "cell_type": "code",
   "execution_count": 3,
   "id": "68d95301",
   "metadata": {},
   "outputs": [],
   "source": [
    "import pandas as pd\n",
    "import numpy as np\n",
    "import re\n",
    "import os\n",
    "import os\n",
    "import numpy as np\n",
    "import pandas as pd\n",
    "import matplotlib.pyplot as plt\n",
    "import seaborn as sns"
   ]
  },
  {
   "cell_type": "markdown",
   "id": "55dd33a2",
   "metadata": {},
   "source": [
    "# 1. Construct matrices for HC and SZ groups"
   ]
  },
  {
   "cell_type": "code",
   "execution_count": 25,
   "id": "d7267753",
   "metadata": {},
   "outputs": [],
   "source": [
    "def load_significant_lipid_names(csv_path):\n",
    "    \"\"\"Loads lipid names from a CSV file into a set for quick lookup.\"\"\"\n",
    "    lipid_names_df = pd.read_csv(csv_path)\n",
    "    return set(lipid_names_df['Significant Lipids'])\n",
    "\n",
    "def calc_and_save_correlation_matrices(group_data, group_name, significant_lipids):\n",
    "    output_dir = f'./NEW_lipids_{group_name}'\n",
    "    os.makedirs(output_dir, exist_ok=True)\n",
    "\n",
    "    # Filter lipid columns based on the significant lipids list\n",
    "    lipid_columns = [col for col in group_data.columns if col in significant_lipids]\n",
    "\n",
    "    for lipid_col in lipid_columns:\n",
    "        # For each significant lipid, pivot the data to have donors as rows and regions as columns\n",
    "        pivot_table = group_data.pivot_table(index='Donor', columns='Region', values=lipid_col, aggfunc=np.mean)\n",
    "\n",
    "        # Calculate the correlation matrix across regions for this lipid\n",
    "        correlation_matrix = pivot_table.corr()\n",
    "        correlation_matrix.reset_index(inplace=True)\n",
    "        \n",
    "        # Save the correlation matrix to CSV without the index\n",
    "        safe_lipid_col_name = re.sub(r'[^\\w\\s]', '_', lipid_col)  # Replace non-alphanumeric characters with underscore\n",
    "        file_name = f\"{output_dir}/{group_name}_{safe_lipid_col_name}_correlation_matrix.csv\"\n",
    "        correlation_matrix.to_csv(file_name, index=False)\n",
    "\n",
    "# Load significant lipids from CSV\n",
    "csv_path = 'dots_Names_of_significant_lipids.csv'  # Adjust this path\n",
    "significant_lipids = load_significant_lipid_names(csv_path)\n",
    "\n",
    "# Assume 'data' is your DataFrame\n",
    "# Extract donor groups from the 'Donor' column\n",
    "donor_groups = data['Donor'].str.extract(r'(HC|SZ|MDD)')[0].dropna().unique()\n",
    "\n",
    "for group in donor_groups:\n",
    "    if isinstance(group, str):\n",
    "        # Filter data for each donor group\n",
    "        group_data = data[data['Donor'].str.contains(group, na=False)]\n",
    "        calc_and_save_correlation_matrices(group_data, group, significant_lipids)\n",
    "    else:\n",
    "        print(f\"Skipped group {group} due to non-string value.\")"
   ]
  },
  {
   "cell_type": "markdown",
   "id": "472805d1",
   "metadata": {},
   "source": [
    "# 2. Calculate matrices of differences HC-SZ for lipids"
   ]
  },
  {
   "cell_type": "code",
   "execution_count": 26,
   "id": "425d2242",
   "metadata": {},
   "outputs": [
    {
     "name": "stdout",
     "output_type": "stream",
     "text": [
      "Difference matrices have been saved.\n"
     ]
    }
   ],
   "source": [
    "# Define directories\n",
    "sz_matrices_dir = './NEW_lipids_SZ'\n",
    "hc_matrices_dir = './NEW_lipids_HC'\n",
    "difference_matrices_dir = './NEW_HC_SZ_lipids_difference_matrices'\n",
    "os.makedirs(difference_matrices_dir, exist_ok=True)\n",
    "\n",
    "# Get the list of matrix files for SZ and HC\n",
    "sz_files = os.listdir(sz_matrices_dir)\n",
    "hc_files = os.listdir(hc_matrices_dir)\n",
    "\n",
    "# Loop through SZ files to find matching HC files\n",
    "for sz_file in sz_files:\n",
    "    sz_lipid_name = sz_file.replace('SZ_', '').replace('_correlation_matrix.csv', '')\n",
    "    hc_file = next((hc for hc in hc_files if sz_lipid_name in hc), None)\n",
    "    \n",
    "    if hc_file:\n",
    "        # Load the SZ and HC matrices\n",
    "        sz_matrix = pd.read_csv(os.path.join(sz_matrices_dir, sz_file), index_col=0)\n",
    "        hc_matrix = pd.read_csv(os.path.join(hc_matrices_dir, hc_file), index_col=0)\n",
    "        \n",
    "        # Ensure the matrices have the same size and labels\n",
    "        if sz_matrix.shape == hc_matrix.shape and np.all(sz_matrix.index == hc_matrix.index):\n",
    "            # Calculate the difference matrix\n",
    "            difference_matrix = hc_matrix - sz_matrix\n",
    "            \n",
    "            # Save the difference matrix\n",
    "            diff_file_name = f'DIFF_{sz_lipid_name}_correlation_matrix.csv'\n",
    "            difference_matrix.to_csv(os.path.join(difference_matrices_dir, diff_file_name))\n",
    "        else:\n",
    "            print(f\"Matrix size or labels mismatch for lipid: {sz_lipid_name}\")\n",
    "    else:\n",
    "        print(f\"No matching HC file for SZ file: {sz_file}\")\n",
    "\n",
    "print(\"Difference matrices have been saved.\")"
   ]
  },
  {
   "cell_type": "markdown",
   "id": "4c11602b",
   "metadata": {},
   "source": [
    "# Visualization of first 25 matrices HC-SZ"
   ]
  },
  {
   "cell_type": "code",
   "execution_count": 3,
   "id": "81fb3e32",
   "metadata": {
    "scrolled": true
   },
   "outputs": [],
   "source": [
    "# difference_matrices_dir = './NEW_HC_SZ_lipids_difference_matrices'\n",
    "\n",
    "# # Get all the difference matrix file names in the directory\n",
    "# difference_files = os.listdir(difference_matrices_dir)\n",
    "# difference_files.sort()  # Sort the list to get a consistent order\n",
    "\n",
    "# # Take only the first 25 files for plotting\n",
    "# first_twenty_five_files = difference_files[:25]\n",
    "# fig, axes = plt.subplots(5, 5, figsize=(20, 20))\n",
    "# axes = axes.flatten()\n",
    "\n",
    "# # Loop over the first 25 files and plot each matrix\n",
    "# for i, file in enumerate(first_twenty_five_files):\n",
    "#     matrix_path = os.path.join(difference_matrices_dir, file)\n",
    "#     difference_matrix = pd.read_csv(matrix_path, index_col=0)\n",
    "\n",
    "#     # Plot the matrix\n",
    "#     ax = axes[i]\n",
    "#     cax = ax.matshow(difference_matrix, cmap='viridis', aspect='auto')\n",
    "#     fig.colorbar(cax, ax=ax, fraction=0.046, pad=0.04)\n",
    "#     ax.set_title(file.replace('_correlation_matrix.csv', ''), pad=20, fontsize=8)\n",
    "\n",
    "#     # Remove ticks\n",
    "#     ax.set_xticks([])\n",
    "#     ax.set_yticks([])\n",
    "\n",
    "# # # Adjust layout to prevent overlap\n",
    "# # plt.tight_layout()\n",
    "# # plt.show()"
   ]
  },
  {
   "cell_type": "markdown",
   "id": "a7370360",
   "metadata": {},
   "source": [
    "# Print shape for DIFF matrices "
   ]
  },
  {
   "cell_type": "code",
   "execution_count": 36,
   "id": "c002884e",
   "metadata": {
    "scrolled": true
   },
   "outputs": [],
   "source": [
    "directory_path = './NEW_HC_SZ_lipids_difference_matrices'\n",
    "file_shapes = []\n",
    "\n",
    "# Loop through each file in the directory\n",
    "for filename in os.listdir(directory_path):\n",
    "    file_path = os.path.join(directory_path, filename)\n",
    "    \n",
    "    # Check if the file is a CSV before reading\n",
    "    if file_path.endswith('.csv'):\n",
    "        df = pd.read_csv(file_path)\n",
    "        file_shapes.append((filename, df.shape))\n",
    "\n",
    "# for filename, shape in file_shapes:\n",
    "#     print(f\"File: {filename}, Shape: {shape}\")"
   ]
  },
  {
   "cell_type": "markdown",
   "id": "096693c3",
   "metadata": {},
   "source": [
    "# 3. Load HC-SZ for fMRI COBRE"
   ]
  },
  {
   "cell_type": "code",
   "execution_count": 56,
   "id": "83d4769e",
   "metadata": {},
   "outputs": [
    {
     "data": {
      "text/html": [
       "<div>\n",
       "<style scoped>\n",
       "    .dataframe tbody tr th:only-of-type {\n",
       "        vertical-align: middle;\n",
       "    }\n",
       "\n",
       "    .dataframe tbody tr th {\n",
       "        vertical-align: top;\n",
       "    }\n",
       "\n",
       "    .dataframe thead th {\n",
       "        text-align: right;\n",
       "    }\n",
       "</style>\n",
       "<table border=\"1\" class=\"dataframe\">\n",
       "  <thead>\n",
       "    <tr style=\"text-align: right;\">\n",
       "      <th></th>\n",
       "      <th>AnG</th>\n",
       "      <th>BLA</th>\n",
       "      <th>Ca</th>\n",
       "      <th>CBL</th>\n",
       "      <th>CgGc</th>\n",
       "      <th>CgGr</th>\n",
       "      <th>swm_Cun</th>\n",
       "      <th>IFGa</th>\n",
       "      <th>MTG</th>\n",
       "      <th>ITGp</th>\n",
       "      <th>SPL</th>\n",
       "      <th>swm_MFG</th>\n",
       "      <th>PoCG</th>\n",
       "      <th>PrCG</th>\n",
       "      <th>PrCun</th>\n",
       "      <th>Pu</th>\n",
       "      <th>SFGp</th>\n",
       "      <th>STGp</th>\n",
       "      <th>swm_AnG</th>\n",
       "      <th>TTG</th>\n",
       "    </tr>\n",
       "  </thead>\n",
       "  <tbody>\n",
       "    <tr>\n",
       "      <th>AnG</th>\n",
       "      <td>0.000000</td>\n",
       "      <td>0.043142</td>\n",
       "      <td>0.078973</td>\n",
       "      <td>0.072488</td>\n",
       "      <td>0.012734</td>\n",
       "      <td>0.083261</td>\n",
       "      <td>0.071806</td>\n",
       "      <td>0.058825</td>\n",
       "      <td>0.079154</td>\n",
       "      <td>0.071238</td>\n",
       "      <td>0.056602</td>\n",
       "      <td>0.062065</td>\n",
       "      <td>0.092160</td>\n",
       "      <td>0.088817</td>\n",
       "      <td>0.082684</td>\n",
       "      <td>0.079205</td>\n",
       "      <td>0.088390</td>\n",
       "      <td>0.149771</td>\n",
       "      <td>0.080701</td>\n",
       "      <td>0.082284</td>\n",
       "    </tr>\n",
       "    <tr>\n",
       "      <th>BLA</th>\n",
       "      <td>0.043142</td>\n",
       "      <td>0.000000</td>\n",
       "      <td>0.020310</td>\n",
       "      <td>0.012168</td>\n",
       "      <td>0.040508</td>\n",
       "      <td>0.035884</td>\n",
       "      <td>0.102404</td>\n",
       "      <td>0.008586</td>\n",
       "      <td>0.039493</td>\n",
       "      <td>0.002600</td>\n",
       "      <td>0.073376</td>\n",
       "      <td>0.089745</td>\n",
       "      <td>0.082218</td>\n",
       "      <td>0.102182</td>\n",
       "      <td>0.086289</td>\n",
       "      <td>0.025056</td>\n",
       "      <td>0.052939</td>\n",
       "      <td>0.092223</td>\n",
       "      <td>0.048076</td>\n",
       "      <td>0.078632</td>\n",
       "    </tr>\n",
       "    <tr>\n",
       "      <th>Ca</th>\n",
       "      <td>0.078973</td>\n",
       "      <td>0.020310</td>\n",
       "      <td>0.000000</td>\n",
       "      <td>-0.001724</td>\n",
       "      <td>0.098267</td>\n",
       "      <td>0.079105</td>\n",
       "      <td>0.102782</td>\n",
       "      <td>0.037008</td>\n",
       "      <td>0.031451</td>\n",
       "      <td>0.027351</td>\n",
       "      <td>0.123171</td>\n",
       "      <td>0.093477</td>\n",
       "      <td>0.089442</td>\n",
       "      <td>0.076464</td>\n",
       "      <td>0.149289</td>\n",
       "      <td>0.019667</td>\n",
       "      <td>0.047999</td>\n",
       "      <td>0.050416</td>\n",
       "      <td>0.036888</td>\n",
       "      <td>0.020518</td>\n",
       "    </tr>\n",
       "    <tr>\n",
       "      <th>CBL</th>\n",
       "      <td>0.072488</td>\n",
       "      <td>0.012168</td>\n",
       "      <td>-0.001724</td>\n",
       "      <td>0.000000</td>\n",
       "      <td>0.050249</td>\n",
       "      <td>0.018153</td>\n",
       "      <td>0.093917</td>\n",
       "      <td>0.023377</td>\n",
       "      <td>0.014774</td>\n",
       "      <td>0.046031</td>\n",
       "      <td>0.053158</td>\n",
       "      <td>0.073883</td>\n",
       "      <td>0.038799</td>\n",
       "      <td>0.056548</td>\n",
       "      <td>0.055211</td>\n",
       "      <td>0.018401</td>\n",
       "      <td>0.054743</td>\n",
       "      <td>0.003779</td>\n",
       "      <td>0.012554</td>\n",
       "      <td>-0.048777</td>\n",
       "    </tr>\n",
       "    <tr>\n",
       "      <th>CgGc</th>\n",
       "      <td>0.012734</td>\n",
       "      <td>0.040508</td>\n",
       "      <td>0.098267</td>\n",
       "      <td>0.050249</td>\n",
       "      <td>0.000000</td>\n",
       "      <td>0.076414</td>\n",
       "      <td>0.108933</td>\n",
       "      <td>0.083272</td>\n",
       "      <td>0.086771</td>\n",
       "      <td>0.081975</td>\n",
       "      <td>0.097681</td>\n",
       "      <td>0.076775</td>\n",
       "      <td>0.112511</td>\n",
       "      <td>0.106936</td>\n",
       "      <td>0.042047</td>\n",
       "      <td>0.075712</td>\n",
       "      <td>0.090142</td>\n",
       "      <td>0.130843</td>\n",
       "      <td>0.054616</td>\n",
       "      <td>0.065418</td>\n",
       "    </tr>\n",
       "    <tr>\n",
       "      <th>CgGr</th>\n",
       "      <td>0.083261</td>\n",
       "      <td>0.035884</td>\n",
       "      <td>0.079105</td>\n",
       "      <td>0.018153</td>\n",
       "      <td>0.076414</td>\n",
       "      <td>0.000000</td>\n",
       "      <td>0.104069</td>\n",
       "      <td>0.084624</td>\n",
       "      <td>0.087939</td>\n",
       "      <td>0.081380</td>\n",
       "      <td>0.106499</td>\n",
       "      <td>0.094338</td>\n",
       "      <td>0.072318</td>\n",
       "      <td>0.083113</td>\n",
       "      <td>0.025656</td>\n",
       "      <td>0.074064</td>\n",
       "      <td>0.111748</td>\n",
       "      <td>0.118997</td>\n",
       "      <td>0.044627</td>\n",
       "      <td>0.093752</td>\n",
       "    </tr>\n",
       "    <tr>\n",
       "      <th>swm_Cun</th>\n",
       "      <td>0.071806</td>\n",
       "      <td>0.102404</td>\n",
       "      <td>0.102782</td>\n",
       "      <td>0.093917</td>\n",
       "      <td>0.108933</td>\n",
       "      <td>0.104069</td>\n",
       "      <td>0.000000</td>\n",
       "      <td>0.127627</td>\n",
       "      <td>0.158545</td>\n",
       "      <td>0.102499</td>\n",
       "      <td>0.058003</td>\n",
       "      <td>0.116837</td>\n",
       "      <td>0.081296</td>\n",
       "      <td>0.085682</td>\n",
       "      <td>0.032194</td>\n",
       "      <td>0.101205</td>\n",
       "      <td>0.107678</td>\n",
       "      <td>0.164673</td>\n",
       "      <td>0.090696</td>\n",
       "      <td>0.107916</td>\n",
       "    </tr>\n",
       "    <tr>\n",
       "      <th>IFGa</th>\n",
       "      <td>0.058825</td>\n",
       "      <td>0.008586</td>\n",
       "      <td>0.037008</td>\n",
       "      <td>0.023377</td>\n",
       "      <td>0.083272</td>\n",
       "      <td>0.084624</td>\n",
       "      <td>0.127627</td>\n",
       "      <td>0.000000</td>\n",
       "      <td>0.014103</td>\n",
       "      <td>0.035499</td>\n",
       "      <td>0.074182</td>\n",
       "      <td>0.081130</td>\n",
       "      <td>0.098829</td>\n",
       "      <td>0.068636</td>\n",
       "      <td>0.112878</td>\n",
       "      <td>0.055604</td>\n",
       "      <td>0.081257</td>\n",
       "      <td>0.094998</td>\n",
       "      <td>0.095427</td>\n",
       "      <td>0.102177</td>\n",
       "    </tr>\n",
       "    <tr>\n",
       "      <th>MTG</th>\n",
       "      <td>0.079154</td>\n",
       "      <td>0.039493</td>\n",
       "      <td>0.031451</td>\n",
       "      <td>0.014774</td>\n",
       "      <td>0.086771</td>\n",
       "      <td>0.087939</td>\n",
       "      <td>0.158545</td>\n",
       "      <td>0.014103</td>\n",
       "      <td>0.000000</td>\n",
       "      <td>0.021328</td>\n",
       "      <td>0.136501</td>\n",
       "      <td>0.084753</td>\n",
       "      <td>0.161875</td>\n",
       "      <td>0.114366</td>\n",
       "      <td>0.161463</td>\n",
       "      <td>0.055238</td>\n",
       "      <td>0.089008</td>\n",
       "      <td>0.132217</td>\n",
       "      <td>0.099315</td>\n",
       "      <td>0.100058</td>\n",
       "    </tr>\n",
       "    <tr>\n",
       "      <th>ITGp</th>\n",
       "      <td>0.071238</td>\n",
       "      <td>0.002600</td>\n",
       "      <td>0.027351</td>\n",
       "      <td>0.046031</td>\n",
       "      <td>0.081975</td>\n",
       "      <td>0.081380</td>\n",
       "      <td>0.102499</td>\n",
       "      <td>0.035499</td>\n",
       "      <td>0.021328</td>\n",
       "      <td>0.000000</td>\n",
       "      <td>0.127461</td>\n",
       "      <td>0.099523</td>\n",
       "      <td>0.087977</td>\n",
       "      <td>0.079768</td>\n",
       "      <td>0.145412</td>\n",
       "      <td>0.020940</td>\n",
       "      <td>0.089126</td>\n",
       "      <td>0.083073</td>\n",
       "      <td>0.085048</td>\n",
       "      <td>0.073850</td>\n",
       "    </tr>\n",
       "    <tr>\n",
       "      <th>SPL</th>\n",
       "      <td>0.056602</td>\n",
       "      <td>0.073376</td>\n",
       "      <td>0.123171</td>\n",
       "      <td>0.053158</td>\n",
       "      <td>0.097681</td>\n",
       "      <td>0.106499</td>\n",
       "      <td>0.058003</td>\n",
       "      <td>0.074182</td>\n",
       "      <td>0.136501</td>\n",
       "      <td>0.127461</td>\n",
       "      <td>0.000000</td>\n",
       "      <td>0.074243</td>\n",
       "      <td>0.071036</td>\n",
       "      <td>0.065510</td>\n",
       "      <td>0.065514</td>\n",
       "      <td>0.107544</td>\n",
       "      <td>0.041580</td>\n",
       "      <td>0.122350</td>\n",
       "      <td>0.114763</td>\n",
       "      <td>0.086081</td>\n",
       "    </tr>\n",
       "    <tr>\n",
       "      <th>swm_MFG</th>\n",
       "      <td>0.062065</td>\n",
       "      <td>0.089745</td>\n",
       "      <td>0.093477</td>\n",
       "      <td>0.073883</td>\n",
       "      <td>0.076775</td>\n",
       "      <td>0.094338</td>\n",
       "      <td>0.116837</td>\n",
       "      <td>0.081130</td>\n",
       "      <td>0.084753</td>\n",
       "      <td>0.099523</td>\n",
       "      <td>0.074243</td>\n",
       "      <td>0.000000</td>\n",
       "      <td>0.102507</td>\n",
       "      <td>0.086888</td>\n",
       "      <td>0.104393</td>\n",
       "      <td>0.103454</td>\n",
       "      <td>0.043923</td>\n",
       "      <td>0.135868</td>\n",
       "      <td>0.106251</td>\n",
       "      <td>0.116286</td>\n",
       "    </tr>\n",
       "    <tr>\n",
       "      <th>PoCG</th>\n",
       "      <td>0.092160</td>\n",
       "      <td>0.082218</td>\n",
       "      <td>0.089442</td>\n",
       "      <td>0.038799</td>\n",
       "      <td>0.112511</td>\n",
       "      <td>0.072318</td>\n",
       "      <td>0.081296</td>\n",
       "      <td>0.098829</td>\n",
       "      <td>0.161875</td>\n",
       "      <td>0.087977</td>\n",
       "      <td>0.071036</td>\n",
       "      <td>0.102507</td>\n",
       "      <td>0.000000</td>\n",
       "      <td>0.071351</td>\n",
       "      <td>0.076655</td>\n",
       "      <td>0.074758</td>\n",
       "      <td>0.060631</td>\n",
       "      <td>0.135391</td>\n",
       "      <td>0.086121</td>\n",
       "      <td>0.090700</td>\n",
       "    </tr>\n",
       "    <tr>\n",
       "      <th>PrCG</th>\n",
       "      <td>0.088817</td>\n",
       "      <td>0.102182</td>\n",
       "      <td>0.076464</td>\n",
       "      <td>0.056548</td>\n",
       "      <td>0.106936</td>\n",
       "      <td>0.083113</td>\n",
       "      <td>0.085682</td>\n",
       "      <td>0.068636</td>\n",
       "      <td>0.114366</td>\n",
       "      <td>0.079768</td>\n",
       "      <td>0.065510</td>\n",
       "      <td>0.086888</td>\n",
       "      <td>0.071351</td>\n",
       "      <td>0.000000</td>\n",
       "      <td>0.104834</td>\n",
       "      <td>0.094357</td>\n",
       "      <td>0.063030</td>\n",
       "      <td>0.149802</td>\n",
       "      <td>0.098269</td>\n",
       "      <td>0.110548</td>\n",
       "    </tr>\n",
       "    <tr>\n",
       "      <th>PrCun</th>\n",
       "      <td>0.082684</td>\n",
       "      <td>0.086289</td>\n",
       "      <td>0.149289</td>\n",
       "      <td>0.055211</td>\n",
       "      <td>0.042047</td>\n",
       "      <td>0.025656</td>\n",
       "      <td>0.032194</td>\n",
       "      <td>0.112878</td>\n",
       "      <td>0.161463</td>\n",
       "      <td>0.145412</td>\n",
       "      <td>0.065514</td>\n",
       "      <td>0.104393</td>\n",
       "      <td>0.076655</td>\n",
       "      <td>0.104834</td>\n",
       "      <td>0.000000</td>\n",
       "      <td>0.141972</td>\n",
       "      <td>0.053537</td>\n",
       "      <td>0.092862</td>\n",
       "      <td>0.141163</td>\n",
       "      <td>0.028391</td>\n",
       "    </tr>\n",
       "    <tr>\n",
       "      <th>Pu</th>\n",
       "      <td>0.079205</td>\n",
       "      <td>0.025056</td>\n",
       "      <td>0.019667</td>\n",
       "      <td>0.018401</td>\n",
       "      <td>0.075712</td>\n",
       "      <td>0.074064</td>\n",
       "      <td>0.101205</td>\n",
       "      <td>0.055604</td>\n",
       "      <td>0.055238</td>\n",
       "      <td>0.020940</td>\n",
       "      <td>0.107544</td>\n",
       "      <td>0.103454</td>\n",
       "      <td>0.074758</td>\n",
       "      <td>0.094357</td>\n",
       "      <td>0.141972</td>\n",
       "      <td>0.000000</td>\n",
       "      <td>0.081117</td>\n",
       "      <td>0.084560</td>\n",
       "      <td>0.080667</td>\n",
       "      <td>0.049862</td>\n",
       "    </tr>\n",
       "    <tr>\n",
       "      <th>SFGp</th>\n",
       "      <td>0.088390</td>\n",
       "      <td>0.052939</td>\n",
       "      <td>0.047999</td>\n",
       "      <td>0.054743</td>\n",
       "      <td>0.090142</td>\n",
       "      <td>0.111748</td>\n",
       "      <td>0.107678</td>\n",
       "      <td>0.081257</td>\n",
       "      <td>0.089008</td>\n",
       "      <td>0.089126</td>\n",
       "      <td>0.041580</td>\n",
       "      <td>0.043923</td>\n",
       "      <td>0.060631</td>\n",
       "      <td>0.063030</td>\n",
       "      <td>0.053537</td>\n",
       "      <td>0.081117</td>\n",
       "      <td>0.000000</td>\n",
       "      <td>0.091141</td>\n",
       "      <td>0.067991</td>\n",
       "      <td>0.077484</td>\n",
       "    </tr>\n",
       "    <tr>\n",
       "      <th>STGp</th>\n",
       "      <td>0.149771</td>\n",
       "      <td>0.092223</td>\n",
       "      <td>0.050416</td>\n",
       "      <td>0.003779</td>\n",
       "      <td>0.130843</td>\n",
       "      <td>0.118997</td>\n",
       "      <td>0.164673</td>\n",
       "      <td>0.094998</td>\n",
       "      <td>0.132217</td>\n",
       "      <td>0.083073</td>\n",
       "      <td>0.122350</td>\n",
       "      <td>0.135868</td>\n",
       "      <td>0.135391</td>\n",
       "      <td>0.149802</td>\n",
       "      <td>0.092862</td>\n",
       "      <td>0.084560</td>\n",
       "      <td>0.091141</td>\n",
       "      <td>0.000000</td>\n",
       "      <td>0.070069</td>\n",
       "      <td>0.056389</td>\n",
       "    </tr>\n",
       "    <tr>\n",
       "      <th>swm_AnG</th>\n",
       "      <td>0.080701</td>\n",
       "      <td>0.048076</td>\n",
       "      <td>0.036888</td>\n",
       "      <td>0.012554</td>\n",
       "      <td>0.054616</td>\n",
       "      <td>0.044627</td>\n",
       "      <td>0.090696</td>\n",
       "      <td>0.095427</td>\n",
       "      <td>0.099315</td>\n",
       "      <td>0.085048</td>\n",
       "      <td>0.114763</td>\n",
       "      <td>0.106251</td>\n",
       "      <td>0.086121</td>\n",
       "      <td>0.098269</td>\n",
       "      <td>0.141163</td>\n",
       "      <td>0.080667</td>\n",
       "      <td>0.067991</td>\n",
       "      <td>0.070069</td>\n",
       "      <td>0.000000</td>\n",
       "      <td>0.023593</td>\n",
       "    </tr>\n",
       "    <tr>\n",
       "      <th>TTG</th>\n",
       "      <td>0.082284</td>\n",
       "      <td>0.078632</td>\n",
       "      <td>0.020518</td>\n",
       "      <td>-0.048777</td>\n",
       "      <td>0.065418</td>\n",
       "      <td>0.093752</td>\n",
       "      <td>0.107916</td>\n",
       "      <td>0.102177</td>\n",
       "      <td>0.100058</td>\n",
       "      <td>0.073850</td>\n",
       "      <td>0.086081</td>\n",
       "      <td>0.116286</td>\n",
       "      <td>0.090700</td>\n",
       "      <td>0.110548</td>\n",
       "      <td>0.028391</td>\n",
       "      <td>0.049862</td>\n",
       "      <td>0.077484</td>\n",
       "      <td>0.056389</td>\n",
       "      <td>0.023593</td>\n",
       "      <td>0.000000</td>\n",
       "    </tr>\n",
       "  </tbody>\n",
       "</table>\n",
       "</div>"
      ],
      "text/plain": [
       "              AnG       BLA        Ca       CBL      CgGc      CgGr   swm_Cun  \\\n",
       "AnG      0.000000  0.043142  0.078973  0.072488  0.012734  0.083261  0.071806   \n",
       "BLA      0.043142  0.000000  0.020310  0.012168  0.040508  0.035884  0.102404   \n",
       "Ca       0.078973  0.020310  0.000000 -0.001724  0.098267  0.079105  0.102782   \n",
       "CBL      0.072488  0.012168 -0.001724  0.000000  0.050249  0.018153  0.093917   \n",
       "CgGc     0.012734  0.040508  0.098267  0.050249  0.000000  0.076414  0.108933   \n",
       "CgGr     0.083261  0.035884  0.079105  0.018153  0.076414  0.000000  0.104069   \n",
       "swm_Cun  0.071806  0.102404  0.102782  0.093917  0.108933  0.104069  0.000000   \n",
       "IFGa     0.058825  0.008586  0.037008  0.023377  0.083272  0.084624  0.127627   \n",
       "MTG      0.079154  0.039493  0.031451  0.014774  0.086771  0.087939  0.158545   \n",
       "ITGp     0.071238  0.002600  0.027351  0.046031  0.081975  0.081380  0.102499   \n",
       "SPL      0.056602  0.073376  0.123171  0.053158  0.097681  0.106499  0.058003   \n",
       "swm_MFG  0.062065  0.089745  0.093477  0.073883  0.076775  0.094338  0.116837   \n",
       "PoCG     0.092160  0.082218  0.089442  0.038799  0.112511  0.072318  0.081296   \n",
       "PrCG     0.088817  0.102182  0.076464  0.056548  0.106936  0.083113  0.085682   \n",
       "PrCun    0.082684  0.086289  0.149289  0.055211  0.042047  0.025656  0.032194   \n",
       "Pu       0.079205  0.025056  0.019667  0.018401  0.075712  0.074064  0.101205   \n",
       "SFGp     0.088390  0.052939  0.047999  0.054743  0.090142  0.111748  0.107678   \n",
       "STGp     0.149771  0.092223  0.050416  0.003779  0.130843  0.118997  0.164673   \n",
       "swm_AnG  0.080701  0.048076  0.036888  0.012554  0.054616  0.044627  0.090696   \n",
       "TTG      0.082284  0.078632  0.020518 -0.048777  0.065418  0.093752  0.107916   \n",
       "\n",
       "             IFGa       MTG      ITGp       SPL   swm_MFG      PoCG      PrCG  \\\n",
       "AnG      0.058825  0.079154  0.071238  0.056602  0.062065  0.092160  0.088817   \n",
       "BLA      0.008586  0.039493  0.002600  0.073376  0.089745  0.082218  0.102182   \n",
       "Ca       0.037008  0.031451  0.027351  0.123171  0.093477  0.089442  0.076464   \n",
       "CBL      0.023377  0.014774  0.046031  0.053158  0.073883  0.038799  0.056548   \n",
       "CgGc     0.083272  0.086771  0.081975  0.097681  0.076775  0.112511  0.106936   \n",
       "CgGr     0.084624  0.087939  0.081380  0.106499  0.094338  0.072318  0.083113   \n",
       "swm_Cun  0.127627  0.158545  0.102499  0.058003  0.116837  0.081296  0.085682   \n",
       "IFGa     0.000000  0.014103  0.035499  0.074182  0.081130  0.098829  0.068636   \n",
       "MTG      0.014103  0.000000  0.021328  0.136501  0.084753  0.161875  0.114366   \n",
       "ITGp     0.035499  0.021328  0.000000  0.127461  0.099523  0.087977  0.079768   \n",
       "SPL      0.074182  0.136501  0.127461  0.000000  0.074243  0.071036  0.065510   \n",
       "swm_MFG  0.081130  0.084753  0.099523  0.074243  0.000000  0.102507  0.086888   \n",
       "PoCG     0.098829  0.161875  0.087977  0.071036  0.102507  0.000000  0.071351   \n",
       "PrCG     0.068636  0.114366  0.079768  0.065510  0.086888  0.071351  0.000000   \n",
       "PrCun    0.112878  0.161463  0.145412  0.065514  0.104393  0.076655  0.104834   \n",
       "Pu       0.055604  0.055238  0.020940  0.107544  0.103454  0.074758  0.094357   \n",
       "SFGp     0.081257  0.089008  0.089126  0.041580  0.043923  0.060631  0.063030   \n",
       "STGp     0.094998  0.132217  0.083073  0.122350  0.135868  0.135391  0.149802   \n",
       "swm_AnG  0.095427  0.099315  0.085048  0.114763  0.106251  0.086121  0.098269   \n",
       "TTG      0.102177  0.100058  0.073850  0.086081  0.116286  0.090700  0.110548   \n",
       "\n",
       "            PrCun        Pu      SFGp      STGp   swm_AnG       TTG  \n",
       "AnG      0.082684  0.079205  0.088390  0.149771  0.080701  0.082284  \n",
       "BLA      0.086289  0.025056  0.052939  0.092223  0.048076  0.078632  \n",
       "Ca       0.149289  0.019667  0.047999  0.050416  0.036888  0.020518  \n",
       "CBL      0.055211  0.018401  0.054743  0.003779  0.012554 -0.048777  \n",
       "CgGc     0.042047  0.075712  0.090142  0.130843  0.054616  0.065418  \n",
       "CgGr     0.025656  0.074064  0.111748  0.118997  0.044627  0.093752  \n",
       "swm_Cun  0.032194  0.101205  0.107678  0.164673  0.090696  0.107916  \n",
       "IFGa     0.112878  0.055604  0.081257  0.094998  0.095427  0.102177  \n",
       "MTG      0.161463  0.055238  0.089008  0.132217  0.099315  0.100058  \n",
       "ITGp     0.145412  0.020940  0.089126  0.083073  0.085048  0.073850  \n",
       "SPL      0.065514  0.107544  0.041580  0.122350  0.114763  0.086081  \n",
       "swm_MFG  0.104393  0.103454  0.043923  0.135868  0.106251  0.116286  \n",
       "PoCG     0.076655  0.074758  0.060631  0.135391  0.086121  0.090700  \n",
       "PrCG     0.104834  0.094357  0.063030  0.149802  0.098269  0.110548  \n",
       "PrCun    0.000000  0.141972  0.053537  0.092862  0.141163  0.028391  \n",
       "Pu       0.141972  0.000000  0.081117  0.084560  0.080667  0.049862  \n",
       "SFGp     0.053537  0.081117  0.000000  0.091141  0.067991  0.077484  \n",
       "STGp     0.092862  0.084560  0.091141  0.000000  0.070069  0.056389  \n",
       "swm_AnG  0.141163  0.080667  0.067991  0.070069  0.000000  0.023593  \n",
       "TTG      0.028391  0.049862  0.077484  0.056389  0.023593  0.000000  "
      ]
     },
     "execution_count": 56,
     "metadata": {},
     "output_type": "execute_result"
    }
   ],
   "source": [
    "difference_matrix_HC_SZ_COBRE = pd.read_csv(\"SZHCresults_COBRE.csv\", index_col=0)\n",
    "difference_matrix_HC_SZ_COBRE"
   ]
  },
  {
   "cell_type": "code",
   "execution_count": 58,
   "id": "78918b34",
   "metadata": {},
   "outputs": [
    {
     "data": {
      "text/plain": [
       "Text(0.5, 1.0, 'Correlation Matrix HC-SZ fMRI')"
      ]
     },
     "execution_count": 58,
     "metadata": {},
     "output_type": "execute_result"
    },
    {
     "data": {
